0 0.1078125 0.256640625 0.2125 0.18828125
0 0.29609375 0.21484375 0.0453125 0.0578125
0 0.698046875 0.195703125 0.05234375 0.05078125
0 0.726171875 0.662890625 0.06796875 0.11640625
0 0.635546875 0.790234375 0.08984375 0.06171875
0 0.525 0.659765625 0.059375 0.07265625
0 0.449609375 0.475390625 0.68046875 0.24453125
0 0.628125 0.298828125 0.30625 0.11015625
0 0.448046875 0.110546875 0.07421875 0.09609375
0 0.38828125 0.696484375 0.1109375 0.10234375
0 0.349609375 0.850390625 0.36796875 0.20390625
0 0.22890625 0.063671875 0.2953125 0.11484375