0 0.397265625 0.421875 0.10078125 0.046875
0 0.47265625 0.338671875 0.0734375 0.03359375
0 0.401171875 0.38359375 0.09921875 0.0421875
0 0.35703125 0.347265625 0.0859375 0.04140625
0 0.10703125 0.75703125 0.0890625 0.1046875
0 0.578125 0.81640625 0.234375 0.1953125
0 0.56015625 0.50078125 0.1796875 0.1078125
0 0.64453125 0.40625 0.1515625 0.065625
0 0.54453125 0.373046875 0.1328125 0.05546875
0 0.55546875 0.324609375 0.0546875 0.03359375
0 0.657421875 0.332421875 0.10859375 0.04921875
0 0.5953125 0.30546875 0.090625 0.0296875
0 0.552734375 0.280078125 0.08671875 0.02578125
0 0.60703125 0.24375 0.0546875 0.028125
0 0.67109375 0.2359375 0.0421875 0.03125
0 0.45546875 0.2515625 0.0671875 0.0375
0 0.401953125 0.2953125 0.07265625 0.034375
0 0.312109375 0.3875 0.05859375 0.034375