0 0.41640625 0.514453125 0.3296875 0.25078125
0 0.64375 0.380078125 0.2 0.14765625
0 0.84453125 0.5078125 0.2140625 0.146875
0 0.843359375 0.64921875 0.22109375 0.1359375
0 0.156640625 0.809765625 0.27890625 0.22578125
0 0.381640625 0.1671875 0.15078125 0.08125
0 0.256640625 0.113671875 0.07890625 0.03359375
0 0.302734375 0.0640625 0.06171875 0.05
0 0.32109375 0.029296875 0.0796875 0.03359375
0 0.55078125 0.066796875 0.1265625 0.05546875
0 0.6671875 0.091015625 0.115625 0.04765625
0 0.590625 0.126171875 0.140625 0.05234375
0 0.57421875 0.19375 0.1859375 0.084375
0 0.788671875 0.15859375 0.22734375 0.0953125
0 0.44765625 0.09921875 0.1265625 0.0421875
0 0.672265625 0.279296875 0.14765625 0.06796875