0 0.673828125 0.62421875 0.29140625 0.2203125
0 0.882421875 0.437890625 0.15234375 0.09765625
0 0.925390625 0.74609375 0.14140625 0.1359375
0 0.968359375 0.518359375 0.05546875 0.09609375
0 0.342578125 0.849609375 0.44453125 0.28359375
0 0.797265625 0.95 0.21328125 0.09375
0 0.325 0.426171875 0.403125 0.21796875
0 0.577734375 0.34296875 0.15234375 0.0578125
0 0.6953125 0.378125 0.15 0.078125
0 0.8578125 0.2546875 0.103125 0.1375
0 0.6921875 0.280859375 0.078125 0.04296875
0 0.4921875 0.280078125 0.215625 0.07578125
0 0.272265625 0.286328125 0.10078125 0.04140625
0 0.03671875 0.704296875 0.0734375 0.11484375
0 0.2140625 0.233203125 0.203125 0.08203125
0 0.405859375 0.2171875 0.09296875 0.046875
0 0.47578125 0.187109375 0.0640625 0.04296875
0 0.631640625 0.1921875 0.17890625 0.0625
0 0.69453125 0.13203125 0.1046875 0.0578125
0 0.76171875 0.07734375 0.1859375 0.0859375
0 0.58984375 0.1046875 0.1359375 0.046875
0 0.352734375 0.159375 0.25546875 0.0625
0 0.3296875 0.0421875 0.1375 0.05
0 0.540234375 0.04375 0.20234375 0.065625