0 0.137890625 0.508203125 0.11328125 0.05703125
0 0.3046875 0.444140625 0.134375 0.09765625
0 0.4109375 0.551171875 0.31875 0.11796875
0 0.2140625 0.65390625 0.26875 0.1734375
0 0.4296875 0.7875 0.484375 0.115625
0 0.792578125 0.707421875 0.36953125 0.22421875
0 0.841796875 0.94140625 0.13046875 0.1109375
0 0.588671875 0.441015625 0.10234375 0.04453125
0 0.744140625 0.48984375 0.21015625 0.0703125
0 0.9296875 0.496484375 0.121875 0.05234375
0 0.8265625 0.575390625 0.171875 0.10703125
0 0.698046875 0.435546875 0.05859375 0.04296875
0 0.67734375 0.39609375 0.0578125 0.0359375