0 0.366015625 0.522265625 0.05078125 0.03203125
0 0.341015625 0.596875 0.05078125 0.034375
0 0.43125 0.600390625 0.084375 0.06015625
0 0.56796875 0.6265625 0.0859375 0.04375
0 0.67578125 0.653515625 0.1015625 0.05078125
0 0.713671875 0.62734375 0.05546875 0.0359375
0 0.641015625 0.773046875 0.08203125 0.05234375
0 0.692578125 0.823046875 0.11640625 0.06796875
0 0.778125 0.7625 0.046875 0.034375
0 0.551953125 0.73671875 0.07578125 0.0453125
0 0.45546875 0.8015625 0.0640625 0.046875
0 0.443359375 0.876171875 0.09609375 0.05234375
0 0.6625 0.923828125 0.0625 0.04765625
0 0.7234375 0.9171875 0.046875 0.05
0 0.53359375 0.86171875 0.0671875 0.0546875
0 0.240234375 0.852734375 0.08984375 0.05234375
0 0.253125 0.7453125 0.053125 0.04375
0 0.3015625 0.690625 0.096875 0.053125
0 0.3828125 0.450390625 0.046875 0.05703125
0 0.596875 0.523046875 0.103125 0.07421875